0	0	0	0	217	238	0	0	0	47	0	0
0	0	0	180	0	190	138	0	0	0	0	0
0	0	0	0	88	0	189	0	0	206	0	0
0	180	0	0	139	0	169	0	180	0	0	0
217	0	88	139	0	0	0	0	0	130	133	165
238	190	0	0	0	0	202	122	0	157	0	0
0	138	189	169	0	202	0	183	67	0	117	0
0	0	0	0	0	122	183	0	0	155	448	108
0	0	0	180	0	0	67	0	0	299	246	418
47	0	206	0	130	157	0	155	299	0	202	327
0	0	0	0	133	0	117	448	246	202	0	394
0	0	0	0	165	0	0	108	418	327	394	0
